Rh = 6.600000e+00;
Ch = 2.000000e-01;
CT = 3.000000e+00;
RT = 3.250000e-01;
A  = 2.500000e-02;
h_ = 3.000000e-01;
T_ = 3.300000e+01;
Ti_ = 1.800000e+01;
T2_ = 2.200000e+01;
Fc_ = 2.000000e-09;
Fi_ = 1.000000e-09;
qi_ = 1.200000e-08;

